-0.2825669718
0.7102416139
-0.1377837024
-0.0198026273
-0.6539264674
-0.4110989258
-0.4670230011
-0.7494280165
-0.1743533871
-1.1260112629
-0.2348395911
0.0431721719
-0.2006706955
-0.6390799593
-0.3617900446
-0.4274440148
-0.1026541541
0.2411620568
-0.0606246218
0.0896121587
0.125163143
1.2452157629
0.6061358036
0.1823215568
0.3364722366
0.0755075525
-0.0555698512
-0.5658077582
0.0833816089
-0.209720531
-0.0971637485
0.0202027073
-2.3353749158
0.5389965007
0.8023464725
0.3331444465
0.2113090937
-0.2513144283
0.5108256238
0.123613956
0.1278333715
0.2646925542
0.0298529631
-0.3462762367
-1.0116009117
0.169418152
0.9360933592
-0.3819346107
0.1670540847
-0.3566749439
-0.2736958305
1.0233888674
-0.4054651081
0.2436220827
0.8391010932
0.0170944334
-0.1410785983
0.4700036292
-0.0327898228
0.0487901642
-0.4805857386
0.2305236586
0.3215836241
0.1112256351
0.4519851237
1.0229004669
0.6161861394
0.0531098253
0.2363887781
0.1335313926
0.1376213779
0.1991286751
1.1394342832
0.0741079722
0.4284546263
0.387765531
-0.762140052
1.9459101491
-0.2035989552
0.0215062052
-0.6131044729
-1.3862943611
0.3254224004
-0.4054651081
0.0953101798
-0.2682639866
-0.9694005572
0.3794896217
-0.9162907319
-0.4307829161
-0.3856624808
0.0512932944
-2.8903717579
-0.5465437064
0.1000834586
-0.2231435513
-0.0512932944
0
-0.2559333741
-0.8979415932
0.0519597389
0.0444517626
-0.5316597107
0.399386062
-0.4519851237
0.3510516864
-0.3234001551
-0.8582269309
0.125163143
-0.047628049
0.1165338163
-0.047628049
-0.1603426501
-0.3429447511
0.1112256351
-0.4054651081
0.0176995771
-0.3184537311
1.1420974006
0.3677247801
0.0769610411
0
-0.5733459807
0.3908663087
-0.4519851237
0.4054651081
0.2231435513
-0.0194180859
0.4895482253
-0.0666913745
-0.135545492
0.0800427077
-1.2729656758
0.0408219945
0.5991182309
0.2706458853
-0.2954642129
-0.6931471806
0
0.0822380982
-0.8614824954
-0.175204089
0.0909717782
-0.3042113744
-1.263692039
0.0451204353
-0.4964368863
-0.0162605209
0.2578291093
-0.3184537311
0.0800427077
-0.8611389118
-0.5596157879
0.1206279878
-1.0486018681
-0.1916674192
0
0.1625189295
0.3677247801
-0.2693329338
0.8329091229
0.6613984822
-0.6539264674
0.2411620568
2.1972245773
0.1335313926
0.1823215568
0
-0.2623642645
-0.4595323294
-0.4418327523
0.2719337155
1.2527629685
0.5108256238
0.893817876
-0.2113090937
0.5679840376
1.9459101491
0.762140052
-0.6931471806
-0.3417492937
-0.3036824138
0.332133835
-0.0194180859
-0.1823215568
0.1571855835
-0.4855078158
-0.447312218
-0.5212969236
-0.6097655716
-0.4670230011
-0.2825669718
-0.4054651081
-0.8329091229
-0.1484200051
-0.212561442
-0.2478361639
0.4700036292
-0.3746934494
-1.0663514264
-0.6375773294
-0.1655144385
0.3422862065
0.8250747236
-0.887303195
-0.3029495446
0.3254224004
-0.1423162222
-0.0229895182
-0.5695332246
0.121696935
-0.0591888714
-1.3652409519
-0.3813675565
0.5050949491
-0.2591087
0.5340824859
0.4054651081
-0.2702903297
-0.3829922523
-0.5108256238
0.1732717213
0.7985076962
0.2876820725
1.0360919317
-0.2210795671
0.8614824954
-0.096849826
-0.125163143
0
0
0.6061358036
-0.3150810466
-1.3040562629
-0.0689928715
0.5045560108
0.045809536
0.8109302162
-0.4595323294
0.4212134651
-0.5920510637
0.4054651081
0.762140052
-0.8362480242
-1.0986122887
-1.7047480922
-0.8754687374
-0.6337237601
-1.2039728043
-0.5753641449
-1.0379876669
-0.1698990368
-1.5755363608
-0.5877866649
-1.77070606
-0.735706795
-1.1631508098
-1.0986122887
1.32175584
-0.980829253
-0.6603573577
-0.1381503385
-0.3074846997
1.1574527887
-0.2876820725
-0.2795848622
-0.2762533766
-0.9985288301
1.1349799328
-0.1053605157
-0.6035350219
0.8754687374
1.7917594692
0.6325225587
-0.3448404863
-0.0606246218
-0.2513144283
-0.2231435513
0
-0.5596157879
-0.0482021018
-0.5212969236
0.6082477368
0.8614824954
-0.8109302162
0.0752234212
0.4635727389
-1.2527629685
0.0571584138
0.170625517
0.071458964
0.1512309697
-0.5328045305
-0.2348395911
0.0708260526
0.3042113744
0.3483066943
-1.6094379124
1.064710737
0.2876820725
-0.2039121894
0.3953127366
-0.1121172981
0.1037967937
-0.6312717768
0
-0.1625189295
0.0392207132
1.0296194172
-0.577315365
0
0.1941560144
-0.3136575589
-0.2513144283
0.5108256238
-0.2605310834
-0.1484200051
0.6061358036
0.2295744416
-0.7696872577
-0.1053605157
0.2876820725
0.7817005779
-0.328504067
0.0689928715
-0.2273898422
-0.2411620568
-0.4367176516
-0.4054651081
-0.1476359988
-0.0397403286
-0.1633250561
-0.7221347174
-0.3254224004
0.3112125699
0.1847341032
0.2344007058
0
1.1700712527
-0.0915671935
0
1.0116009117
0.980829253
-0.2231435513
0.1335313926
-0.5389965007
0.965080896
0.7339691751
0.6931471806
0.5877866649
-0.4855078158
-0.5596157879
-0.5108256238
0.3364722366
-0.1541506798
0.5596157879
0.2876820725
0
0
-1.5040773968
0.3429447511
0.6390799593
0.5877866649
0.6931471806
-0.5260930959
0.0465200156
0.1335313926
-0.1053605157
2.9444389792
-0.2135741003
-0.2231435513
0.312374685
0
-0.993251773
0.6190392084
0.0588405
-0.1292117315
0.1335313926
1.064710737
0
-0.5565716456
0.2295744416
0.0645385211
-0.2263131261
-0.8472978604
-0.3147107448
0.2336148512
-0.0533459807
0.4895482253
0
0.0655972825
-0.1857171458
-1.3437347467
-0.6359887667
0.0582689081
-0.3272129112
0.0392207132
-0.7419373447
-0.0363676442
-0.2917062228